                                                                                                   
                                                                                                   
                                                                                                   
                                                                                                   
                                                                                                   
                                                                                                   
                                                                                                   
                                                                                                   
                                      22222                                                        
                                    2223332                  2222222                               
              222                   23333322                                                       
         *                          23333332         222                                         ) 
       0000         2222    2    2  23333332                          22222                    0000
       0110                         23333332    222                                           00111
     00011000                       23333332                 3333                     0000    66111
     111111100                      2333333222               33333                    01100    6611
4    6111111100                     2333333333               33333                    01111     666
      666611111                      33333333       22222223333333        000   *   000111   22   6
    4  66666666                                     23333333333333      000100000000011166        6
         66666                                      23333333333333      0111111111111111666       6
4         66                                22222    333333333333      00111111111116111666        
          6                                                           006661116661116161666   222  
     4    6                       000000                                 6666666666666666 6        
            000000              00011110                             4     666666666 666  66       
4           111110              01116610                                    666666   6             
    *        66111             6611666100              *         4            6666   6         0000
 000000       6611               66666610            0000                     666             00111
0011110        666       000     66666160000    0000001100000                  66          * 001111
11161100       6665555555110     666666661100   0111111111110000               6          000011166
11666110        666666666610      66666666111   61111111111111100              6         0011111666
6666661000      666666666666      666666666    666611116666666111              6        00111166666
6666 6111         6666666666     666666666        666666666666661       2222            6611666  66
66 6 6666    222    6666666      666 6666   4        666666  66666      3332           6666666   66
 6 6  6666           666666      66   666             6 66   6 6666     3333                      6
 6     6              6666622    66   6 66               6     6666      33     222               6
       6  2           66666      6           *                  6666                               
          322          6666   2266          00000                                                  
                       666    3336     0000001111                       22                         
                2222   666     3366    111111111           0000                                    
     (                6666              66661166        0000111     0000      0000                 
0000000000              66          222 66666666      000111166     1111    000111                0
1111111110000    00000006622              66666       01111116      6666    111166     000       00
1116666611111    111111166      222        66         61666666       666    61166   000011   000001
66666666661115555111111166                  6         6666 66                66     111166   111116
66666666666666666666666666                  6          66   6                 6      6666    666666
