00000  000                                            3322                                         
11110  011                                            3332                                         
11111  111                                            3332                                         
66666  666                                            3332                                         
6666   6666                                           3332                                         
6666 (  6666                                          3332        000000000000                     
6666    66666                                         3332     * 0011111111110                     
666     66666                                         3332    00001111111111100                    
666     666666                                        3332   0011111111111111100                   
666     6666666                                       3332   0111111666666111110               0000
666     666666666                                     3332  6666666666666611111              000110
666     666666666                                     3332      666666666666666              011111
666     666666666                                     33322          66666666666          000011111
66      666666666                                                     6666666666          011111666
66       66666666                                              6666   6666666666          611116666
66       6666666                                                666  6666666666            66666666
66       6666666                                                 66   666666666             6666666
66        6666                   0000                            666  6666666622              6666 
66          66                  00110                                 66666666   6      6      66  
6            66                 01116             *                  666666666   65555556       6  
6                  00000000     66666            0000                  66666622  66666666       6  
6                0001111110      666          0000111           222     66666   666666666          
6                1111111116      666          1111116                   66666    66666666          
6              666666116666     66        000  61666                   666666    666 666           
655555555566555666666666666               011  66666                  66666622    6   6            
666666666666666666666666666             00016   666                   666666         66            
66666666666666666666   6666             11116    66                 66666666                       
666666666666666666      666      000    61116     6                  6666666                       
66666666666666666       666      110000  6666     6       22222      66666                         
66666666666666          666555555111111   666             33333      66    *                       
666 66 666666            66666666616661   66               333    66666  2222                      
 6  6   6  66            66666666666666    6                      6666                             
    6   6  6                66666666666                           666                              
                             666666666655555555555555555555555555566                               
                                    66666666666666666666666666666666                               
  )                                   6666666666666666666666666666666                              
22222                                  66666666666666666666 66666666                               
                                       6666 6666666666 66 6   666                                  
      4    4    4       0000           66 6  6   6666  6  6    66                                  
                      000110          66     6   6  6         6666                                 
                     00111166                                  6666                                
                     111666                        222                                             
                     66666        2 *       22    22      22                                       
                      666         2222                         222                                 
                      66                                                                           
