                                                                                                    
                                                                                                    
                                                                              00000                 
                                                                         000000111000000000         
                                                                     0000011111111111111110000000000
                                                                     1111111111166611116611111111111
                                                                        1166616666666666661111111111
                                                                         666666666666666666616611666
                                                                           6666666666666666666666666
                                                                           6666666666666666666666666
                                                                            666666666666666666666666
                                                                         222266666666666666666666666
                                               000000000000000000            66666666666666666666666
                                        *      111111111111111111          ) 666666666666666666 666 
                                4     22222     6661111166666666         22226666 66 6666666 66  66 
                                                 66666666 66666               66  6  666 666  6  6  
                            4                     6 666       6              66       6   66  6     
                                                      6                     66        6   6         
                                355553                                      6         6             
                                433334                                                              
                            4                                                                       
                                                                                                    
                                4           222                                                     
                                                  222               *                               
                   000000000                            2222    000000000                           
                   111111111                                    111111111                           
                   11111666     000000                           1111111     22222                  
                    66666       111111                             66116     333322                 
                     666         1666                               66666    3433322                
                     66            66                                66666     333322               
                    66                                                  666      433222             
                                                                                  33332     22      
                                                                                   343              
                                                                                        22          
                                                            *                                       
                00000000000000                     0000000000000000000                      22      
                01111111111110 222                 0111111111111111111                              
           0000001111111111110                222  6611111111111111666                  22          
    (      0111111166666666666         222         66666666666666666                                
000000000000111111666666666666                     6666666666666666                         22222   
111111111111116666666666666666555555555555555555555666666666666666                          43333555
1111111111111666666666666666666666666666666666666666666666666666                22222222     3334333
66666666666666666666666666666666666666666666666666666666666666                  44333334      333333
666666666666666666666666666666666666666666666666666666666666                    33333333       33333
66666666666666666666666666666666666666666666666666666666666                                    43334
