                                              
                                              
                                              
                                              
                                              
                                              
                                              
                                 000000       
                                         00000
                                              
                                   0000       
  )    0    00 0 0000000                      
0000000                                   000 
                                 4000000      
           40005                46            
  (   400006   705     4000000006             
0000006          1     3                      
                 7000006                      
