                                              
                                              
                                              
                                              
                                              
                                              
                                              
                                 000000       
                                         00000
                                             1
                                   0000      1
  )    0    00 0 0000000                     1
0000000                                   0001
                                 0000000   111
           00000                00111111   111
  (   000000111000     0000000000111111     11
000000011111111110     011111111111111       1
11111111111111111000000011111111111111       1
