                                              
                                              
                                              
                                              
                )                             
              000000             05           
                                  1           
                      00          70          
                                       0      
                                              
                                         0    
                        00005                 
                            1               40
                    00      1               3 
                00          1        00000006 
  (       0000              1                 
0000000                     1                 
                            1                 
