                                                    000                                            
                       000000000                    0100                                           
                   0000011111110000000           00001100 *                3                       
                   1111116611111111110000        111111100000       222    3                       
      00000        6666666666661611111111  0     6666661111100      333    3           3        3  
  (  0011100       666666666666666666661  100     6666666661        333    3    222    3        3  
00000011111000     66666666666666666666   116      66666666      2  333555535555333    3        3  
11111111161110      66      6  66666666  6666      66666666         333333333333333    3    222 3  
66661161666110      6   666     6       *666       666666666        33            3555535555333 3  
66666666666666          6666           6666        6666666          33   *        3333333333333 3  
666666666666        22   66    66    666666         666 6     2     33  222                  33 3  
 66 666 666              6           6666666        66  6           33  3335555222              3  
  6  66  66                           6666          66  666         33  3333333333          222 3  
  6   6   6                           6666          66  66          33        3333555222    33353  
      6                                66665555555556         2     33           3333333555533333  
      6                                6 666666666666               3300               3333333333  
                                                          2         331000                         
                                        * 656    66                 331111                         
                                       666666655666   2             336666              00000      
                                       66666666666                  33 666            0001110      
                                   55556666666666                   33 666       000000111110    22
                                   6666666  66666            66     33 666    000011111116610      
                                            666666        65566     33 666    1111116666666100     
                                              6666     655666666    33  66    1666666666666610     
                                              66665555566666666656  33  66    666666666666666      
                                                 666666666666666665533   65555666666 6666666       
                                                 666666666666666666633   66666666666 6666666       
                                                  33333333333333333333      66666666 66666666      
                                                                    33        666  6  6666         
                                                                    33         66     6666         
                                                                    33                6 6          
                                                                    33                  6          
                                           )                        33                  666        
                                          222                       33          2222               
                                                    222 222                                        
                                                    333                               2222         
                                                    333 222        *                               
                                                                  2222                             
                                                                                                   
                                                                                                   
                                                                                                   
                                                                                                   
                                                                                                   
                                                                                                   
                                                                                                   
