                                                  
                                                  
                          0000000000000000        
                                                  
 )                                         000    
0000000000000000                                  
111111111111111                                000
11111111111                                       
 1111111                                   000    
  1111                       0   0   0            
 11                                             00
11                         0                      
                    00000001                 00000
                 00001111111                 01111
                       11111               000111 
              00         111             0001111  
  0000                                            
( 011            00000                            
0001                                              
        00000000                                  
